100 0.001597
400 0.007754
900 0.024427
1600 0.049755
2500 0.095379
3600 0.153933
4900 0.260218
6400 0.333291
8100 0.544952
10000 0.681279
12100 0.946005
14400 1.206625
16900 1.592593
19600 1.977155
22500 2.289137
25600 2.780958
28900 3.106194
32400 3.850771
36100 4.512821
40000 5.071952
44100 5.748125
48400 6.517455
52900 8.399179
57600 10.415655
62500 11.85246
67600 13.142472
72900 14.741146
78400 15.284967
84100 15.971051
90000 18.399751
96100 20.916113
102400 20.447867
108900 23.024617
115600 24.735028
122500 27.60328
129600 30.342054
136900 32.553998
144400 35.820351
152100 38.785364
